gemini_simple: 61.37734026369169
gemini_smart: 58.12334817170114
openai_simple: 58.474110864745015
openai_smart: 53.76532233069892
