gemini_simple: 64.88325174013923
gemini_smart: 23.896611570247956
openai_simple: 42.42555373610273
openai_smart: 43.48891461527302
