gemini_simple: 66.35846521942113
gemini_smart: 25.46355631613872
openai_simple: 54.35792247461711
openai_smart: 47.880088542557445
