gemini_simple: 52.05528886597381
gemini_smart: 37.233231910946216
openai_simple: 45.435844155844165
openai_smart: 36.89388198560545
