gemini_simple: 50.94698235599378
gemini_smart: 27.98642832937992
openai_simple: 48.326377410468325
openai_smart: 28.959980725987833
