gemini_simple: 55.67302439024391
gemini_smart: 63.539606919126356
openai_simple: 44.71608202306456
openai_smart: 41.91959699887582
