gemini_simple: 53.90671200473096
gemini_smart: 60.93080396475773
openai_simple: 42.29058383233533
openai_smart: 35.65351410829439
