gemini_simple: 51.83250202678602
gemini_smart: 47.53430306905372
openai_simple: 44.608297380585526
openai_smart: 46.27893462827845
