gemini_simple: 30.959158416965124
gemini_smart: 22.179073514806333
openai_simple: 27.401179270227402
openai_smart: 18.355389140271512
