gemini_simple: 56.003905261503405
gemini_smart: 0.7137209302325971
openai_simple: 39.735000000000014
openai_smart: 29.411443388072627
