gemini_simple: 58.98850601295101
gemini_smart: 62.04910619280699
openai_simple: 53.22337398373985
openai_smart: 42.25028154952078
