gemini_simple: 33.52973000567218
gemini_smart: 15.228364538687146
openai_simple: 30.60102054794524
openai_smart: -0.28659090909090423
