gemini_simple: 20.304645232816
gemini_smart: 9.944404896013879
openai_simple: 19.239340659340684
openai_smart: 15.917796270987907
