gemini_simple: 51.93426652521629
gemini_smart: 41.860379038939556
openai_simple: 56.7912390812035
openai_smart: 37.26865099590907
