gemini_simple: 56.13891453052997
gemini_smart: 49.63227175514473
openai_simple: 39.661584403128245
openai_smart: 35.47970653449849
