gemini_simple: 36.831008211503814
gemini_smart: 23.662616533076488
openai_simple: 27.951604361370727
openai_smart: 12.021290743155134
