gemini_simple: 48.38975283070977
gemini_smart: 38.54647663018591
openai_simple: 35.00711060209426
openai_smart: 23.01735519228953
