gemini_simple: 53.19915875527428
gemini_smart: 45.205135623869836
openai_simple: 39.37176716141005
openai_smart: 31.643179285094647
