gemini_simple: 28.755227272727296
gemini_smart: 30.604221818629583
openai_simple: 21.237354348092737
openai_smart: 25.94232142857146
