gemini_simple: 48.047612903225826
gemini_smart: 45.13838095238097
openai_simple: 48.051707491082084
openai_smart: 49.47531055900623
