gemini_simple: 53.79754329004331
gemini_smart: 22.118260919540234
openai_simple: 35.281058807414865
openai_smart: 40.685290209790224
