gemini_simple: 58.551023114948165
gemini_smart: 49.6692139948934
openai_simple: 49.97587952054096
openai_smart: 39.60083692936635
