gemini_simple: 59.479290540540546
gemini_smart: 61.07928485508077
openai_simple: 56.408258596973866
openai_smart: 52.00136869589119
