gemini_simple: 37.29471796937955
gemini_smart: 6.063027022490786
openai_simple: 17.966235833132373
openai_smart: 7.910778473091369
