gemini_simple: 66.38295178505707
gemini_smart: 63.240624830332095
openai_simple: 52.69226398601403
openai_smart: 30.609781001137677
