gemini_simple: 57.10961862875047
gemini_smart: 60.555395136778145
openai_simple: 52.73821043675554
openai_smart: 46.585120232708505
