gemini_simple: 61.50473312720574
gemini_smart: 68.44725111038892
openai_simple: 52.12393697342611
openai_smart: 55.640976790450935
