gemini_simple: 58.3008114035088
gemini_smart: 63.037881052631604
openai_simple: 44.16904720203175
openai_smart: 45.612793820858315
