gemini_simple: 64.40661184841395
gemini_smart: 56.582309974540095
openai_simple: 59.17771360499509
openai_smart: 56.62342964678635
