gemini_simple: 60.35543629727937
gemini_smart: 62.86378158374579
openai_simple: 47.70666666666668
openai_smart: 45.75750000000002
