gemini_simple: 58.28192703044115
gemini_smart: 53.28486187642349
openai_simple: 52.93605013368986
openai_smart: 42.19512285012286
