gemini_simple: 62.96769566367004
gemini_smart: 68.21679697389837
openai_simple: 52.53593779189242
openai_smart: 52.85096239336781
