gemini_simple: 60.04183282367579
gemini_smart: 56.91568850267379
openai_simple: 63.72794594594596
openai_smart: 56.38701155462185
