gemini_simple: 36.600115078275195
gemini_smart: 22.378781468301042
openai_simple: 51.29759625893237
openai_smart: 42.550441039876176
