gemini_simple: 47.67371069182391
gemini_smart: -14.051309131462375
openai_simple: 52.869405413814576
openai_smart: 46.92126844706806
