gemini_simple: 36.926244245524316
gemini_smart: 20.736524288107233
openai_simple: 16.847109187227176
openai_smart: 12.303552447552477
