gemini_simple: 49.08273537570369
gemini_smart: 8.75196347031968
openai_simple: 37.74372159019566
openai_smart: 35.348015462617326
